1358179200000 20130115 14.5373664
1358265600000 20130116 14.4737898
1358352000000 20130117 14.8693458
1358438400000 20130118 15.2796
1358524800000 20130119 16.014
1358611200000 20130120 15.657
1358697600000 20130121 15.9935898
1358784000000 20130122 17.1359898
1358870400000 20130123 17.748
1358956800000 20130124 17.6634522
1359043200000 20130125 19.2893832
1359129600000 20130126 17.6635134
1359216000000 20130127 17.2176
1359302400000 20130128 18.0742572
1359388800000 20130129 18.627852
1359475200000 20130130 19.941
1359561600000 20130131 19.9715898
1359648000000 20130201 21.623898
1359734400000 20130202 21.2262102
1359820800000 20130203 20.2388298
1359907200000 20130204 20.52495
1359993600000 20130205 20.706
1360080000000 20130206 20.9826342
1360166400000 20130207 21.6546
1360252800000 20130208 22.3278
1360339200000 20130209 22.877733
1360425600000 20130210 23.9189898
1360512000000 20130211 23.9689698
1360598400000 20130212 24.5291742
1360684800000 20130213 25.9283898
1360771200000 20130214 26.52
1360857600000 20130215 27.03
1360944000000 20130216 27.54
1361030400000 20130217 27.6725796
1361116800000 20130218 26.4689898
1361203200000 20130219 27.336
1361289600000 20130220 29.5799796
1361376000000 20130221 30.396
1361462400000 20130222 30.49902
1361548800000 20130223 31.8209094
1361635200000 20130224 28.762368
1361721600000 20130225 30.5222454
1361808000000 20130226 30.8040306
1361894400000 20130227 31.8698898
1361980800000 20130228 31.87296
1362067200000 20130301 34.272
1362153600000 20130302 35.18898
1362240000000 20130303 35.0574
1362326400000 20130304 35.5441216
1362412800000 20130305 35.955
1362499200000 20130306 41.7976
1362585600000 20130307 49.878
1362672000000 20130308 50.5344
1362758400000 20130309 46.2902
1362844800000 20130310 46.6649796
1362931200000 20130311 50.3182
1363017600000 20130312 50.6256212
1363104000000 20130313 44.3496
1363190400000 20130314 50.059666
1363276800000 20130315 47.65041749
1363363200000 20130316 47.39991239
1363449600000 20130317 46.95
1363536000000 20130318 47.373
1363622400000 20130319 47.60013
1363708800000 20130320 58.13635
1363795200000 20130321 61.97020265
1363881600000 20130322 68.99628404
1363968000000 20130323 72.21884874
1364054400000 20130324 66.56567904
1364140800000 20130325 69.4
1364227200000 20130326 77.35024804
1364313600000 20130327 77.38767
1364400000000 20130328 88.47
1364486400000 20130329 93.70001
1364572800000 20130330 88.29
1364659200000 20130331 91.175
1364745600000 20130401 93
1364832000000 20130402 103.29
1364918400000 20130403 108
1365004800000 20130404 130
1365091200000 20130405 135
1365177600000 20130406 138
1365264000000 20130407 143.4
1365350400000 20130408 159.61
1365436800000 20130409 184.916
1365523200000 20130410 223
1365609600000 20130411 235
1365696000000 20130412 120.12
1365782400000 20130413 70.339
1365868800000 20130414 115.096
1365955200000 20130415 99.98
1366041600000 20130416 95.49
1366128000000 20130417 71.006
1366214400000 20130418 91.013
1366300800000 20130419 94
1366387200000 20130420 115.1
1366473600000 20130421 121.49
1366560000000 20130422 124
1366646400000 20130423 122.7
1366732800000 20130424 133.05
1366819200000 20130425 166.33
1366905600000 20130426 154.99
1366992000000 20130427 133.69
1367078400000 20130428 134.199
1367164800000 20130429 136.43
1367251200000 20130430 143.67
1367337600000 20130501 141.051
1367424000000 20130502 130.31
1367510400000 20130503 96.5
1367596800000 20130504 90.42
1367683200000 20130505 110.45
1367769600000 20130506 114.9
1367856000000 20130507 119.101
1367942400000 20130508 105.75
1368028800000 20130509 113
1368115200000 20130510 111.97
1368201600000 20130511 120.7
1368288000000 20130512 116.05
1368374400000 20130513 113.98
1368460800000 20130514 116.5501
1368547200000 20130515 119.493
1368633600000 20130516 111.9
1368720000000 20130517 113.99
1368806400000 20130518 115.19
1368892800000 20130519 117
1368979200000 20130520 118.21
1369065600000 20130521 118
1369152000000 20130522 117.5
1369238400000 20130523 117.85
1369324800000 20130524 120.65
1369411200000 20130525 126.6
1369497600000 20130526 126.8
1369584000000 20130527 129.93
1369670400000 20130528 129.97
1369756800000 20130529 125.7
1369843200000 20130530 127.28
1369929600000 20130531 131
1370016000000 20130601 128.38
1370102400000 20130602 128.7
1370188800000 20130603 119.99
1370275200000 20130604 121.29
1370361600000 20130605 119.31
1370448000000 20130606 120.7
1370534400000 20130607 120.71
1370620800000 20130608 111.06
1370707200000 20130609 108.5
1370793600000 20130610 96.48
1370880000000 20130611 100
1370966400000 20130612 106.97
1371052800000 20130613 108.68
1371139200000 20130614 106.8
1371225600000 20130615 99.32
1371312000000 20130616 100.52
1371398400000 20130617 100.2
1371484800000 20130618 100.07
1371571200000 20130619 105.95
1371657600000 20130620 106.51
1371744000000 20130621 106.48
1371830400000 20130622 100.63
1371916800000 20130623 99.83
1372003200000 20130624 100
1372089600000 20130625 99.99
1372176000000 20130626 100
1372262400000 20130627 98.51
1372348800000 20130628 98.2
1372435200000 20130629 91.74
1372521600000 20130630 89.85
1372608000000 20130701 89.84
1372694400000 20130702 88.42
1372780800000 20130703 85.35
1372867200000 20130704 83.06
1372953600000 20130705 78.49
1373040000000 20130706 72.37
1373126400000 20130707 67.5
1373212800000 20130708 66.77
1373299200000 20130709 74.05
1373385600000 20130710 71.68
1373472000000 20130711 76.04
1373558400000 20130712 84.9
1373644800000 20130713 90.72
1373731200000 20130714 91.1
1373817600000 20130715 92.21
1373904000000 20130716 93.2
1373990400000 20130717 93.2
1374076800000 20130718 90.85
1374163200000 20130719 81.88
1374249600000 20130720 85.66
1374336000000 20130721 86.59
1374422400000 20130722 84.7
1374508800000 20130723 85.86
1374595200000 20130724 87.42
1374681600000 20130725 87.33
1374768000000 20130726 90.09
1374854400000 20130727 90.82
1374940800000 20130728 89.32
1375027200000 20130729 90.51
1375113600000 20130730 92.99
1375200000000 20130731 94.63
1375286400000 20130801 97
1375372800000 20130802 97.48
1375459200000 20130803 97.84
1375545600000 20130804 95
1375632000000 20130805 96.19
1375718400000 20130806 98.29
1375804800000 20130807 98.45
1375891200000 20130808 98
1375977600000 20130809 93.5
1376064000000 20130810 92.21
1376150400000 20130811 93.29
1376236800000 20130812 93.6
1376323200000 20130813 94.24
1376409600000 20130814 95.95
1376496000000 20130815 98.81
1376582400000 20130816 97.88
1376668800000 20130817 98.03
1376755200000 20130818 98.92
1376841600000 20130819 99.19
1376928000000 20130820 103.8
1377014400000 20130821 104.69
1377100800000 20130822 107.28
1377187200000 20130823 112.5
1377273600000 20130824 109.7
1377360000000 20130825 108.89
1377446400000 20130826 111.46
1377532800000 20130827 111.9
1377619200000 20130828 116.9
1377705600000 20130829 117.8
1377792000000 20130830 119.31
1377878400000 20130831 124.7
1377964800000 20130901 129.88888
1378051200000 20130902 131.83
1378137600000 20130903 131.11
1378224000000 20130904 130.2
1378310400000 20130905 128.75
1378396800000 20130906 124.65
1378483200000 20130907 121.8
1378569600000 20130908 120.03
1378656000000 20130909 118.7
1378742400000 20130910 122.9951
1378828800000 20130911 123.84
1378915200000 20130912 124.77
1379001600000 20130913 127
1379088000000 20130914 128.45
1379174400000 20130915 126.4
1379260800000 20130916 125
1379347200000 20130917 125.99
1379433600000 20130918 127.5
1379520000000 20130919 127.32
1379606400000 20130920 125.91064
1379692800000 20130921 124.48
1379779200000 20130922 123.66
1379865600000 20130923 122.99
1379952000000 20130924 123.51
1380038400000 20130925 122.64
1380124800000 20130926 124.27
1380211200000 20130927 124.53
1380297600000 20130928 126.19
1380384000000 20130929 126.83
1380470400000 20130930 128.04
1380556800000 20131001 126
1380643200000 20131002 127.81
1380729600000 20131003 124.98
1380816000000 20131004 114.785
1380902400000 20131005 121.75
1380988800000 20131006 121.55
1381075200000 20131007 122.15
1381161600000 20131008 123.6
1381248000000 20131009 123.56
1381334400000 20131010 125.02
1381420800000 20131011 125.6
1381507200000 20131012 127.28
1381593600000 20131013 127.63
1381680000000 20131014 129.1
1381766400000 20131015 134.76
1381852800000 20131016 139.49
1381939200000 20131017 144.36
1382025600000 20131018 142.68
1382112000000 20131019 151
1382198400000 20131020 168.1
1382284800000 20131021 165
1382371200000 20131022 177.53
1382457600000 20131023 189.56
1382544000000 20131024 194.12
1382630400000 20131025 197.17
1382716800000 20131026 178
1382803200000 20131027 180
1382889600000 20131028 184.86
1382976000000 20131029 196.99
1383062400000 20131030 201
1383148800000 20131031 204.85
1383235200000 20131101 200.02
1383321600000 20131102 202.99
1383408000000 20131103 204.01
1383494400000 20131104 207.5
1383580800000 20131105 223.04
1383667200000 20131106 244.07
1383753600000 20131107 255
1383840000000 20131108 289.75
1383926400000 20131109 327
1384012800000 20131110 355
1384099200000 20131111 271.333
1384185600000 20131112 349.99
1384272000000 20131113 358.2
1384358400000 20131114 392
1384444800000 20131115 419.5
1384531200000 20131116 432.41
1384617600000 20131117 440.34199
1384704000000 20131118 469.94
1384790400000 20131119 579
1384876800000 20131120 600
1384963200000 20131121 573
1385049600000 20131122 707.99
1385136000000 20131123 778
1385222400000 20131124 840.01
1385308800000 20131125 849.01
1385395200000 20131126 823.35
1385481600000 20131127 847.9496
1385568000000 20131128 960
1385654400000 20131129 1046.64
1385740800000 20131130 1094.77
1385827200000 20131201 1124.34
1385913600000 20131202 991
1386000000000 20131203 1021.03
1386086400000 20131204 1046.2
1386172800000 20131205 1104
1386259200000 20131206 980
1386345600000 20131207 890
1386432000000 20131208 731.01
1386518400000 20131209 710
1386604800000 20131210 873.7
1386691200000 20131211 938.19
1386777600000 20131212 890.01
1386864000000 20131213 865.34
1386950400000 20131214 875.0602
1387036800000 20131215 857.9888
1387123200000 20131216 849
1387209600000 20131217 783.749
1387296000000 20131218 684.9876
1387382400000 20131219 543
1387468800000 20131220 674
1387555200000 20131221 684.99
1387641600000 20131222 586.51
1387728000000 20131223 643.98
1387814400000 20131224 634.951
1387900800000 20131225 640.3101
1387987200000 20131226 662.28
1388073600000 20131227 734.4
1388160000000 20131228 720.47
1388246400000 20131229 728.7
1388332800000 20131230 714
1388419200000 20131231 732.48
1388505600000 20140101 735.9
1388592000000 20140102 743.35
1388678400000 20140103 751.8
1388764800000 20140104 811.99
1388851200000 20140105 811.61
1388937600000 20140106 875
1389024000000 20140107 884
1389110400000 20140108 890.72
1389196800000 20140109 795
1389283200000 20140110 807
1389369600000 20140111 824
1389456000000 20140112 893.9
1389542400000 20140113 861.5
1389628800000 20140114 814.2841
1389715200000 20140115 822.5
1389801600000 20140116 843.26
1389888000000 20140117 829.37
1389974400000 20140118 790.1
1390060800000 20140119 799
1390147200000 20140120 832.45
1390233600000 20140121 821.99
1390320000000 20140122 821.25
1390406400000 20140123 809.2
1390492800000 20140124 807.5
1390579200000 20140125 786.93
1390665600000 20140126 793.1
1390752000000 20140127 821.22
1390838400000 20140128 810.47
1390924800000 20140129 795.01
1391011200000 20140130 798.2
1391097600000 20140131 784.33
1391184000000 20140201 804.0001
1391270400000 20140202 820.1201
1391356800000 20140203 819.9999
1391443200000 20140204 811
1391529600000 20140205 803
1391616000000 20140206 804
1391702400000 20140207 781.84
1391788800000 20140208 714.72
1391875200000 20140209 704.4
1391961600000 20140210 697.876
1392048000000 20140211 682.8
1392134400000 20140212 684
1392220800000 20140213 659
1392307200000 20140214 649.13
1392393600000 20140215 674.7
1392480000000 20140216 655.02
1392566400000 20140217 625.01
1392652800000 20140218 644.98
1392739200000 20140219 614.12
1392825600000 20140220 624.76
1392912000000 20140221 596.011
1392998400000 20140222 565
1393084800000 20140223 579.99001
1393171200000 20140224 625.81
1393257600000 20140225 576
1393344000000 20140226 528.75
1393430400000 20140227 573.5011
1393516800000 20140228 582
1393603200000 20140301 567.99
1393689600000 20140302 562.24
1393776000000 20140303 561.25
1393862400000 20140304 617.7
1393948800000 20140305 696.23037
1394035200000 20140306 659
1394121600000 20140307 658
1394208000000 20140308 633
1394294400000 20140309 609.65
1394380800000 20140310 639.72
1394467200000 20140311 625.9499
1394553600000 20140312 619.5
1394640000000 20140313 641
1394726400000 20140314 640.98
1394812800000 20140315 633.4
1394899200000 20140316 632.25
1394985600000 20140317 632.6
1395072000000 20140318 622.111
1395158400000 20140319 609.8898
1395244800000 20140320 610
1395331200000 20140321 589.0101
1395417600000 20140322 573.72
1395417600000 20140322 573.72
1395504000000 20140323 553
1395590400000 20140324 562.9899
1395676800000 20140325 561.8
1395763200000 20140326 577.1337
1395849600000 20140327 583.41
1395936000000 20140328 523.94
1396022400000 20140329 502.4999
1396108800000 20140330 496.7501
1396195200000 20140331 451.5
1396281600000 20140401 464
1396368000000 20140402 476.96
1396454400000 20140403 447.2
1396540800000 20140404 440.84
1396627200000 20140405 444.8999
1396713600000 20140406 453.99
1396800000000 20140407 455
1396886400000 20140408 449.99
1396972800000 20140409 452.58
1397059200000 20140410 444.19
1397145600000 20140411 396.653
1397232000000 20140412 418
1397318400000 20140413 421.99999
1397404800000 20140414 406.39
1397491200000 20140415 459.5
1397577600000 20140416 498.6
1397664000000 20140417 514
1397750400000 20140418 505
1397836800000 20140419 482.6
1397923200000 20140420 497.3
1398009600000 20140421 500
1398096000000 20140422 500.7
1398182400000 20140423 496.0303
1398268800000 20140424 485.98
1398355200000 20140425 489
1398441600000 20140426 457.99999999
1398528000000 20140427 462.5
1398614400000 20140428 455.41949999
1398700800000 20140429 445.0001
1398787200000 20140430 448.99
1398873600000 20140501 448.38
1398960000000 20140502 453.141
1399046400000 20140503 446.1
1399132800000 20140504 439.88999999
1399219200000 20140505 436
1399305600000 20140506 433.96603
1399392000000 20140507 430.5001
1399478400000 20140508 445.09
1399564800000 20140509 446.5
1399651200000 20140510 453.01
1399737600000 20140511 453
1399824000000 20140512 437.4
1399910400000 20140513 440.99
1399996800000 20140514 437.89
1400083200000 20140515 444.35
1400169600000 20140516 449
1400256000000 20140517 449.68
1400342400000 20140518 448.2
1400428800000 20140519 446.9
1400515200000 20140520 446.95
1400601600000 20140521 479.44
1400688000000 20140522 493.36
1400774400000 20140523 516.99
1400860800000 20140524 530.26
1400947200000 20140525 518.8
1401033600000 20140526 567.84
1401120000000 20140527 584.5
1401206400000 20140528 568.2
1401292800000 20140529 575.81
1401379200000 20140530 568.26
1401465600000 20140531 610.21
1401552000000 20140601 624
1401638400000 20140602 661.5
1401724800000 20140603 629.45
1401811200000 20140604 670.8
1401897600000 20140605 648.57
1401984000000 20140606 661.41
1402070400000 20140607 658.67
1402156800000 20140608 653.01
1402243200000 20140609 654.56
1402329600000 20140610 648.34
1402416000000 20140611 663.14
1402502400000 20140612 649.95
1402588800000 20140613 621.9
1402675200000 20140614 598.5
1402761600000 20140615 556.46
1402848000000 20140616 556.74
1402934400000 20140617 592.48
1403020800000 20140618 602.57
1403107200000 20140619 608.23
1403193600000 20140620 606.27
1403280000000 20140621 594
1403366400000 20140622 596.5
1403452800000 20140623 602.95
1403539200000 20140624 589.16
1403625600000 20140625 591.12
1403712000000 20140626 570
1403798400000 20140627 573.3
1403884800000 20140628 589.4
1403971200000 20140629 597
1404057600000 20140630 595
1404144000000 20140701 622.1
1404230400000 20140702 652.5
1404316800000 20140703 656.73
1404403200000 20140704 643.81
1404489600000 20140705 636.93
1404576000000 20140706 634.01
1404662400000 20140707 634
1404748800000 20140708 621.6
1404835200000 20140709 622.24
1404921600000 20140710 626.75
1405008000000 20140711 614.35
1405094400000 20140712 625.99
1405180800000 20140713 631.26
1405267200000 20140714 631.85
1405353600000 20140715 618.99
1405440000000 20140716 624.93
1405526400000 20140717 616.6
1405612800000 20140718 626.09
1405699200000 20140719 618
1405785600000 20140720 626.84
1405872000000 20140721 621.87
1405958400000 20140722 621.5
1406044800000 20140723 622
1406131200000 20140724 620.5
1406217600000 20140725 599.08
1406304000000 20140726 598.56
1406390400000 20140727 591.7
1406476800000 20140728 594.2
1406563200000 20140729 578.39
1406649600000 20140730 581.8
1406736000000 20140731 576.04
1406822400000 20140801 583.39
1406908800000 20140802 601.7
1406995200000 20140803 587.59
1407081600000 20140804 589
1407168000000 20140805 589.99
1407254400000 20140806 582.69
1407340800000 20140807 580.71
1407427200000 20140808 585.33
1407513600000 20140809 592.19
1407600000000 20140810 586.98
1407686400000 20140811 589.77
1407772800000 20140812 585.5
1407859200000 20140813 565.4
1407945600000 20140814 537.2
1408032000000 20140815 504.05
1408118400000 20140816 501.98
1408204800000 20140817 506.29
1408291200000 20140818 496.84
1408377600000 20140819 468.89
1408464000000 20140820 473.79
1408550400000 20140821 504.2
1408636800000 20140822 520.67
1408723200000 20140823 523.87
1408809600000 20140824 503.31
1408896000000 20140825 503.1
1408982400000 20140826 501.79
1409068800000 20140827 511.3
1409155200000 20140828 514
1409241600000 20140829 505.98
1409328000000 20140830 509.4
1409414400000 20140831 499.34
1409500800000 20140901 480.49
1409587200000 20140902 481.82
1409673600000 20140903 478.93
1409760000000 20140904 476.9
1409846400000 20140905 493.22
1409932800000 20140906 485.64
1410019200000 20140907 484.62
1410105600000 20140908 483.11
1410192000000 20140909 475.32
1410278400000 20140910 467.62
1410364800000 20140911 484.4
1410451200000 20140912 476.8
1410537600000 20140913 473.96
1410624000000 20140914 478.11
1410710400000 20140915 480.42
1410796800000 20140916 476.65
1410883200000 20140917 468.7
1410969600000 20140918 459.22
1411056000000 20140919 435.5
1411142400000 20140920 403
1411228800000 20140921 419.38
1411315200000 20140922 405.21
1411401600000 20140923 400.48
1411488000000 20140924 397.9
1411574400000 20140925 428.62
1411660800000 20140926 413.32
1411747200000 20140927 403.03
1411833600000 20140928 396
1411920000000 20140929 388.47
1412006400000 20140930 381.35
1412092800000 20141001 384.76
1412179200000 20141002 380.83
1412265600000 20141003 371.29
1412352000000 20141004 367.93
1412438400000 20141005 342.1
1412524800000 20141006 293
1412611200000 20141007 340
1412697600000 20141008 327.66
1412784000000 20141009 346.79
1412870400000 20141010 380.82
1412956800000 20141011 354.59
1413043200000 20141012 353.92
1413129600000 20141013 361.51
1413216000000 20141014 377.48
1413302400000 20141015 400.69
1413388800000 20141016 390.1
1413475200000 20141017 380.75
1413561600000 20141018 376.32
1413648000000 20141019 391.05
1413734400000 20141020 390.55
1413820800000 20141021 383.53
1413907200000 20141022 388.49
1413993600000 20141023 383.3
1414080000000 20141024 361.58
1414166400000 20141025 359.16
1414252800000 20141026 349.46
1414339200000 20141027 349.82
1414425600000 20141028 355.93
1414512000000 20141029 352
1414598400000 20141030 338.44
1414684800000 20141031 335.99
1414771200000 20141101 339.5
1414857600000 20141102 323.07
1414944000000 20141103 322.4
1415030400000 20141104 324.5
1415116800000 20141105 326.72
1415203200000 20141106 339.95
1415289600000 20141107 348.7
1415376000000 20141108 341.1
1415462400000 20141109 342.63
1415548800000 20141110 354.06
1415635200000 20141111 372.1
1415721600000 20141112 365
1415808000000 20141113 402
1415894400000 20141114 430.89
1415980800000 20141115 398.98
1416067200000 20141116 377.45
1416153600000 20141117 381.54
1416240000000 20141118 401.62
1416326400000 20141119 377.58
1416412800000 20141120 376.66
1416499200000 20141121 358.5
1416585600000 20141122 352.99
1416672000000 20141123 355.8
1416758400000 20141124 358.64
1416844800000 20141125 377.52
1416931200000 20141126 379
1417017600000 20141127 375.3
1417104000000 20141128 370.04
1417190400000 20141129 372.89
1417276800000 20141130 382
1417363200000 20141201 377.7
1417449600000 20141202 381.8
1417536000000 20141203 385.14
1417622400000 20141204 380.52
1417708800000 20141205 369.61
1417795200000 20141206 376.19
1417881600000 20141207 378.34
1417968000000 20141208 377.76
1418054400000 20141209 367.69
1418140800000 20141210 347.79
1418227200000 20141211 350.5
1418313600000 20141212 356.96
1418400000000 20141213 352.11
1418486400000 20141214 347.26
1418572800000 20141215 348.13
1418659200000 20141216 348.76
1418745600000 20141217 334.48
1418832000000 20141218 319.76
1418918400000 20141219 310
1419004800000 20141220 311.39
1419091200000 20141221 327.21
1419177600000 20141222 324.61
1419264000000 20141223 330.01
1419350400000 20141224 333.93
1419436800000 20141225 329.76
1419523200000 20141226 319.46
1419609600000 20141227 323.5
1419696000000 20141228 313.88
1419782400000 20141229 315.5
1419868800000 20141230 314.83
1419955200000 20141231 312.3
1420041600000 20150101 314.21
1420128000000 20150102 315.8
1420214400000 20150103 315.65
1420300800000 20150104 299.8
1420387200000 20150105 264.01
1420473600000 20150106 271.5
1420560000000 20150107 274.25
1420646400000 20150108 288.06
1420732800000 20150109 287.95
1420819200000 20150110 285.8
1420905600000 20150111 276.26
1420992000000 20150112 271.61
1421078400000 20150113 272.83
1421164800000 20150114 236.71
1421251200000 20150115 196.74
1421337600000 20150116 221.45
1421424000000 20150117 208.31
1421510400000 20150118 198.58
1421596800000 20150119 211.55
1421683200000 20150120 211.29
1421769600000 20150121 212.21
1421856000000 20150122 213.7
1421942400000 20150123 233.4
1422028800000 20150124 231.8
1422115200000 20150125 243.23
1422201600000 20150126 248.23
1422288000000 20150127 270.63
1422374400000 20150128 262.59
1422460800000 20150129 255.4
1422547200000 20150130 231.34
1422633600000 20150131 228.69
1422720000000 20150201 230.32
1422806400000 20150202 215.97
1422892800000 20150203 223.99
1422979200000 20150204 237.5
1423065600000 20150205 225.76
1423152000000 20150206 215.25
1423238400000 20150207 224.7
1423324800000 20150208 225.23
1423411200000 20150209 222
1423497600000 20150210 219.03
1423584000000 20150211 216.18
1423670400000 20150212 221.95
1423756800000 20150213 220.87
1423843200000 20150214 240.66
1423929600000 20150215 247.86
1424016000000 20150216 243.95
1424102400000 20150217 236.31
1424188800000 20150218 240.3
1424275200000 20150219 237.14
1424361600000 20150220 237.7
1424448000000 20150221 244.71
1424534400000 20150222 244.83
1424620800000 20150223 237
1424707200000 20150224 236.55
1424793600000 20150225 238.36
1424880000000 20150226 238.68
1424966400000 20150227 237.1
1425052800000 20150228 254.02
1425139200000 20150301 253.7
1425225600000 20150302 248.84
1425312000000 20150303 262.6
1425398400000 20150304 269.39
1425484800000 20150305 282.88
1425571200000 20150306 270.33
1425657600000 20150307 274.25
1425744000000 20150308 273.97
1425830400000 20150309 274.32
1425916800000 20150310 284.46
1426003200000 20150311 294.72
1426089600000 20150312 296.57
1426176000000 20150313 295.57
1426262400000 20150314 291.78
1426348800000 20150315 286.39
1426435200000 20150316 285.84
1426521600000 20150317 292.2
1426608000000 20150318 287.74
1426694400000 20150319 272.84
1426780800000 20150320 261.98
1426867200000 20150321 262.82
1426953600000 20150322 262.07
1427040000000 20150323 261.79
1427126400000 20150324 266.83
1427212800000 20150325 245.29
1427299200000 20150326 247.51
1427385600000 20150327 252.01
1427472000000 20150328 248.43
1427558400000 20150329 252.17
1427644800000 20150330 244.16
1427731200000 20150331 246.6
1427817600000 20150401 243.58
1427904000000 20150402 243.61
1427990400000 20150403 247.21
1428076800000 20150404 255
1428163200000 20150405 251.87
1428249600000 20150406 257.64
1428336000000 20150407 258
1428422400000 20150408 255.78
1428508800000 20150409 245.9
1428595200000 20150410 245.03
1428681600000 20150411 233.46
1428768000000 20150412 238.3
1428854400000 20150413 236.41
1428940800000 20150414 233.95
1429027200000 20150415 219.5
1429113600000 20150416 220.49
1429200000000 20150417 226.78
1429286400000 20150418 221
1429372800000 20150419 222.14
1429459200000 20150420 225.32
1429545600000 20150421 224.46
1429632000000 20150422 225.3
1429718400000 20150423 236.88
1429804800000 20150424 235.09
1429891200000 20150425 230.97
1429977600000 20150426 228.55
1430064000000 20150427 215.04
1430150400000 20150428 223.59
1430236800000 20150429 225.38
1430323200000 20150430 224.66
1430409600000 20150501 233.59
1430496000000 20150502 234.95
1430582400000 20150503 234.25
1430668800000 20150504 241.6
1430755200000 20150505 237.97
1430841600000 20150506 235.55
1430928000000 20150507 234.7
1431014400000 20150508 231
1431100800000 20150509 245.4
1431187200000 20150510 242
1431273600000 20150511 240.49
1431360000000 20150512 242.93
1431446400000 20150513 242.19
1431532800000 20150514 243.67
1431619200000 20150515 237.72
1431705600000 20150516 237.82
1431792000000 20150517 236.62
1431878400000 20150518 237.81
1431964800000 20150519 236.77
1432051200000 20150520 232.94
1432137600000 20150521 234.42
1432224000000 20150522 235.7
1432310400000 20150523 236.64
1432396800000 20150524 240.15
1432483200000 20150525 241.24
1432569600000 20150526 238.3
1432656000000 20150527 237.59
1432742400000 20150528 236.35
1432828800000 20150529 236.69
1432915200000 20150530 236.53
1433001600000 20150531 231.7
1433088000000 20150601 231.32
1433174400000 20150602 222.2
1433260800000 20150603 224.64
1433347200000 20150604 225.27
1433433600000 20150605 225.26
1433520000000 20150606 225.52
1433606400000 20150607 224.51
1433692800000 20150608 222.69
1433779200000 20150609 226.51
1433865600000 20150610 229.98
1433952000000 20150611 228.81
1434038400000 20150612 229.67
1434124800000 20150613 231.14
1434211200000 20150614 230.83
1434297600000 20150615 233.43
1434384000000 20150616 235.75
1434470400000 20150617 250
1434556800000 20150618 248.27
1434643200000 20150619 250.6
1434729600000 20150620 247.58
1434816000000 20150621 244.87
1434902400000 20150622 242.67
1434988800000 20150623 246.89
1435075200000 20150624 244.42
1435161600000 20150625 240.11
1435248000000 20150626 242.31
1435334400000 20150627 241.1
1435420800000 20150628 246.88
1435507200000 20150629 249.6
1435593600000 20150630 255.4
1435680000000 20150701 266.91
1435766400000 20150702 257.83
1435852800000 20150703 254.24
1435939200000 20150704 254.08
1436025600000 20150705 258.73
1436112000000 20150706 263.5
1436198400000 20150707 277.47
1436284800000 20150708 265.89
1436371200000 20150709 270.5
1436457600000 20150710 270.84
1436544000000 20150711 285.01
1436630400000 20150712 296.5
1436716800000 20150713 310.9
1436803200000 20150714 290
1436889600000 20150715 292.31
1436976000000 20150716 291.27
1437062400000 20150717 276.36
1437148800000 20150718 278.73
1437235200000 20150719 276.6
1437321600000 20150720 275.93
1437408000000 20150721 278.4
1437494400000 20150722 279.28
1437580800000 20150723 277.78
1437667200000 20150724 276.65
1437753600000 20150725 284.51
1437840000000 20150726 290.33
1437926400000 20150727 293.09
1438012800000 20150728 288.6
1438099200000 20150729 296.1
1438185600000 20150730 291.18
1438272000000 20150731 287.58
1438358400000 20150801 284.93
1438444800000 20150802 278.92
1438531200000 20150803 280.39
1438617600000 20150804 284.87
1438704000000 20150805 285.44
1438790400000 20150806 283.69
1438876800000 20150807 278.87
1438963200000 20150808 281
1439049600000 20150809 269.07
1439136000000 20150810 265.75
1439222400000 20150811 263.63
1439308800000 20150812 266.31
1439395200000 20150813 268.36
1439481600000 20150814 265.1
1439568000000 20150815 266.92
1439654400000 20150816 266.54
1439740800000 20150817 260.4
1439827200000 20150818 259.19
1439913600000 20150819 254.64
1440000000000 20150820 234.59
1440086400000 20150821 231.68
1440172800000 20150822 232.71
1440259200000 20150823 227
1440345600000 20150824 230.01
1440432000000 20150825 218.51
1440518400000 20150826 224.67
1440604800000 20150827 228.03
1440691200000 20150828 227.27
1440777600000 20150829 229.82
1440864000000 20150830 229.87
1440950400000 20150831 227.32
1441036800000 20150901 231.74
1441123200000 20150902 228.28
1441209600000 20150903 229.8
1441296000000 20150904 227.99
1441382400000 20150905 230.58
1441468800000 20150906 235
1441555200000 20150907 241.43
1441641600000 20150908 241.58
1441728000000 20150909 243
1441814400000 20150910 240.03
1441900800000 20150911 240.56
1441987200000 20150912 240.57
1442073600000 20150913 239.38
1442160000000 20150914 233.48
1442246400000 20150915 232.36
1442332800000 20150916 231.08
1442419200000 20150917 229
1442505600000 20150918 232.34
1442592000000 20150919 234.07
1442678400000 20150920 232.64
1442764800000 20150921 232.81
1442851200000 20150922 227.99
1442937600000 20150923 231.1
1443024000000 20150924 231.58
1443110400000 20150925 233.69
1443196800000 20150926 236.46
1443283200000 20150927 235.26
1443369600000 20150928 233.65
1443456000000 20150929 240.38
1443542400000 20150930 238.75
1443628800000 20151001 237.28
1443715200000 20151002 239.62
1443801600000 20151003 237.99
1443888000000 20151004 240.52
1443974400000 20151005 239.89
1444060800000 20151006 238.91
1444147200000 20151007 247.73
1444233600000 20151008 245.51
1444320000000 20151009 244.38
1444406400000 20151010 244.82
1444492800000 20151011 245.12
1444579200000 20151012 245.69
1444665600000 20151013 246.53
1444752000000 20151014 250.66
1444838400000 20151015 253.33
1444924800000 20151016 255.82
1445011200000 20151017 265.6
1445097600000 20151018 274.5
1445184000000 20151019 264.06
1445270400000 20151020 265.73
1445356800000 20151021 268.89
1445443200000 20151022 268.29
1445529600000 20151023 275
1445616000000 20151024 278
1445702400000 20151025 282.04
1445788800000 20151026 295.36
1445875200000 20151027 285.38
1445961600000 20151028 295.01
1446048000000 20151029 306.6
1446134400000 20151030 315.75
1446220800000 20151031 324
1446307200000 20151101 319.4
1446393600000 20151102 319.49
1446480000000 20151103 338.39
1446566400000 20151104 394.62
1446652800000 20151105 485
1446739200000 20151106 389.37
1446825600000 20151107 386
1446912000000 20151108 382.32
1446998400000 20151109 382.98
1447084800000 20151110 386.5
1447171200000 20151111 353.99
1447257600000 20151112 311.5
1447344000000 20151113 330.51
1447430400000 20151114 333.01
1447516800000 20151115 332.53
1447603200000 20151116 320.28
1447689600000 20151117 321.64
1447776000000 20151118 334.28
1447862400000 20151119 334.17
1447948800000 20151120 327.13
1448035200000 20151121 322.32
1448121600000 20151122 326.21
1448208000000 20151123 322.82
1448294400000 20151124 324.39
1448380800000 20151125 321.71
1448467200000 20151126 326.15
1448553600000 20151127 349.94
1448640000000 20151128 357.25
1448726400000 20151129 355.08
1448812800000 20151130 364.25
1448899200000 20151201 376.51
1448985600000 20151202 363.42
1449072000000 20151203 358.62
1449158400000 20151204 360.6
1449244800000 20151205 361.4
1449331200000 20151206 378.94
1449417600000 20151207 395.18
1449504000000 20151208 398.4
1449590400000 20151209 395.81
1449676800000 20151210 417.11
1449763200000 20151211 415.2
1449849600000 20151212 435.5
1449936000000 20151213 423.99
1450022400000 20151214 437.01
1450108800000 20151215 443.74
1450195200000 20151216 461.36
1450281600000 20151217 458
1450368000000 20151218 457.01
1450454400000 20151219 459.16
1450540800000 20151220 462.05
1450627200000 20151221 453.53
1450713600000 20151222 432.54
1450800000000 20151223 437.98
1450886400000 20151224 438.76
1450972800000 20151225 455.68
1451059200000 20151226 453.51
1451145600000 20151227 421.43
1451232000000 20151228 418.33
1451318400000 20151229 423.77
1451404800000 20151230 428.3
1451491200000 20151231 423.69
1451577600000 20160101 421.7
1451664000000 20160102 432.47
1451750400000 20160103 432.07
1451836800000 20160104 426.99
1451923200000 20160105 432.67
1452009600000 20160106 432.99
1452096000000 20160107 429.99
1452182400000 20160108 454.58
1452268800000 20160109 455.49
1452355200000 20160110 450
1452441600000 20160111 443.26
1452528000000 20160112 447.68
1452614400000 20160113 446.27
1452700800000 20160114 428.33
1452787200000 20160115 430.79
1452873600000 20160116 393.12
1452960000000 20160117 370.57
1453046400000 20160118 388
1453132800000 20160119 387
1453219200000 20160120 384.3
1453305600000 20160121 413.49
1453392000000 20160122 415.49
1453478400000 20160123 395.63
1453564800000 20160124 385.56
1453651200000 20160125 402.29
1453737600000 20160126 397.76
1453824000000 20160127 392.21
1453910400000 20160128 393.96
1453996800000 20160129 383.04
1454083200000 20160130 380.1
1454169600000 20160131 378.45
1454256000000 20160201 376.68
1454342400000 20160202 373.33
1454428800000 20160203 373.4
1454515200000 20160204 370.47
1454601600000 20160205 386.4
1454688000000 20160206 390.16
1454774400000 20160207 372.9
1454860800000 20160208 374.35
1454947200000 20160209 374.6
1455033600000 20160210 374.82
1455120000000 20160211 382.5
1455206400000 20160212 377.16
1455292800000 20160213 380.7
1455379200000 20160214 388
1455465600000 20160215 401.36
1455552000000 20160216 401.27
1455638400000 20160217 406.93
1455724800000 20160218 417.9
1455811200000 20160219 417.07
1455897600000 20160220 419.4
1455984000000 20160221 431.16
1456070400000 20160222 434.37
1456156800000 20160223 440.19
1456243200000 20160224 423.5
1456329600000 20160225 426.42
1456416000000 20160226 423.82
1456502400000 20160227 426.76
1456588800000 20160228 432.95
1456675200000 20160229 435.94
1456761600000 20160301 438.29
1456848000000 20160302 433.06
1456934400000 20160303 429.55
1457020800000 20160304 421.36
1457107200000 20160305 420.66
1457193600000 20160306 394.42
1457280000000 20160307 409.2
1457366400000 20160308 409.08
1457452800000 20160309 410.86
1457539200000 20160310 411.94
1457625600000 20160311 415.76
1457712000000 20160312 421.59
1457798400000 20160313 408.66
1457884800000 20160314 410.98
1457971200000 20160315 414.07
1458057600000 20160316 414.59
1458144000000 20160317 414.9
1458230400000 20160318 418.71
1458316800000 20160319 408.01
1458403200000 20160320 406.62
1458489600000 20160321 411.44
1458576000000 20160322 411.01
1458662400000 20160323 416.1
1458748800000 20160324 417.21
1458835200000 20160325 417
1458921600000 20160326 416.59
1459008000000 20160327 415.51
1459094400000 20160328 426.95
1459180800000 20160329 423.73
1459267200000 20160330 413.09
1459353600000 20160331 412.05
1459440000000 20160401 415.5
1459526400000 20160402 417.16
1459612800000 20160403 419.99
1459699200000 20160404 421.01
1459785600000 20160405 419.67
1459872000000 20160406 422.56
1459958400000 20160407 422.65
1460044800000 20160408 421.52
1460131200000 20160409 423.52
1460217600000 20160410 417.79
1460304000000 20160411 421.58
1460390400000 20160412 422.9
1460476800000 20160413 427
1460563200000 20160414 425.49
1460649600000 20160415 425.4
1460736000000 20160416 431.33
1460822400000 20160417 432.01
1460908800000 20160418 429.47
1460995200000 20160419 427.42
1461081600000 20160420 430
1461168000000 20160421 441
1461254400000 20160422 444.28
1461340800000 20160423 448.88
1461427200000 20160424 450.87
1461513600000 20160425 452.92
1461600000000 20160426 461.6
1461686400000 20160427 468
1461772800000 20160428 455.23
1461859200000 20160429 448.78
1461945600000 20160430 451.96
1462032000000 20160501 451.59
1462118400000 20160502 451.43
1462204800000 20160503 442.1
1462291200000 20160504 445.9
1462377600000 20160505 447.98
1462464000000 20160506 447.63
1462550400000 20160507 455.25
1462636800000 20160508 459.4
1462723200000 20160509 459.51
1462809600000 20160510 464.79
1462896000000 20160511 451
1462982400000 20160512 453.81
1463068800000 20160513 452.55
1463155200000 20160514 454.9
1463241600000 20160515 455.05
1463328000000 20160516 456.31
1463414400000 20160517 457.92
1463500800000 20160518 454
1463587200000 20160519 456.01
1463673600000 20160520 447.18
1463760000000 20160521 440.99
1463846400000 20160522 440.5
1463932800000 20160523 439.73
1464019200000 20160524 441.4
1464105600000 20160525 446.2
1464192000000 20160526 447.42
1464278400000 20160527 453.01
1464364800000 20160528 473.89
1464451200000 20160529 498.82
1464537600000 20160530 524.87
1464624000000 20160531 531.03
1464710400000 20160601 528.99
1464796800000 20160602 537.9
1464883200000 20160603 538.26
1464969600000 20160604 565.02
1465056000000 20160605 577.45
1465142400000 20160606 575.21
1465228800000 20160607 586.37
1465315200000 20160608 573.99
1465401600000 20160609 576.99
1465488000000 20160610 576.13
1465574400000 20160611 577.47
1465660800000 20160612 585.23
1465747200000 20160613 646.57
1465833600000 20160614 688
1465920000000 20160615 672.34
1466006400000 20160616 690.5
1466092800000 20160617 740
1466179200000 20160618 742.08
1466265600000 20160619 756.56
1466352000000 20160620 768.01
1466438400000 20160621 739.75
1466524800000 20160622 668.12
1466611200000 20160623 650
1466697600000 20160624 560.77
1466784000000 20160625 641.01
1466870400000 20160626 679
1466956800000 20160627 620
1467043200000 20160628 635
1467129600000 20160629 644
1467216000000 20160630 632.86
1467302400000 20160701 668.76
1467388800000 20160702 675.93
1467475200000 20160703 693.39
1467561600000 20160704 656.89
1467648000000 20160705 672.51
1467734400000 20160706 667.71
1467820800000 20160707 675
1467907200000 20160708 635.27
1467993600000 20160709 651.37
1468080000000 20160710 658.13
1468166400000 20160711 643.43
1468252800000 20160712 647.8
1468339200000 20160713 663.2
1468425600000 20160714 662.64
1468512000000 20160715 662.48
1468598400000 20160716 664.89
1468684800000 20160717 661.8
1468771200000 20160718 671.57
1468857600000 20160719 685.1
1468944000000 20160720 672.01
1469030400000 20160721 664
1469116800000 20160722 665.02
1469203200000 20160723 653.8
1469289600000 20160724 653.72
1469376000000 20160725 660
1469462400000 20160726 656.4
1469548800000 20160727 652.96
1469635200000 20160728 657.23
1469721600000 20160729 658.02
1469808000000 20160730 657.87
1469894400000 20160731 659.53
1469980800000 20160801 633.55
1470067200000 20160802 622.99
1470153600000 20160803 599.63
1470153600000 20160803 599.63
1470153600000 20160803 599.63
1470758400000 20160810 579
1470844800000 20160811 604.75
1470931200000 20160812 594.94
1471017600000 20160813 588.24
1471104000000 20160814 585.5
1471190400000 20160815 568.61
1471276800000 20160816 564.38
1471363200000 20160817 576.53
1471449600000 20160818 571
1471536000000 20160819 574.9
1471622400000 20160820 574.86
1471708800000 20160821 579.4
1471795200000 20160822 582.16
1471881600000 20160823 588.97
1471968000000 20160824 582.02
1472054400000 20160825 581.99
1472140800000 20160826 575.76
1472227200000 20160827 577.8
1472313600000 20160828 568.11
1472400000000 20160829 572.2
1472486400000 20160830 575.32
1472572800000 20160831 577.8
1472659200000 20160901 574.84
1472745600000 20160902 573.15
1472832000000 20160903 578.5
1472918400000 20160904 577.29
1473004800000 20160905 613.66
1473091200000 20160906 610.1
1473177600000 20160907 613.63
1473264000000 20160908 616.19
1473350400000 20160909 631.44
1473436800000 20160910 624.69
1473523200000 20160911 625.21
1473609600000 20160912 625.95
1473696000000 20160913 610.66
1473782400000 20160914 610.92
1473868800000 20160915 614.39
1473955200000 20160916 613.51
1474041600000 20160917 610.58
1474128000000 20160918 606.6
1474214400000 20160919 612.2
1474300800000 20160920 610.3
1474387200000 20160921 609.18
1474473600000 20160922 597.2
1474560000000 20160923 597.01
1474646400000 20160924 602.64
1474732800000 20160925 602.98
1474819200000 20160926 598.18
1474905600000 20160927 606.25
1474992000000 20160928 605.99
1475078400000 20160929 605
1475164800000 20160930 606.38
1475251200000 20161001 606.31
1475337600000 20161002 614.78
1475424000000 20161003 607.24
1475510400000 20161004 611.15
1475596800000 20161005 611.89
1475683200000 20161006 615.62
1475769600000 20161007 614.4
1475856000000 20161008 617.11
1475942400000 20161009 618.21
1476028800000 20161010 619.32
1476115200000 20161011 616.78
1476201600000 20161012 636.77
1476288000000 20161013 640.86
1476374400000 20161014 638.8
1476460800000 20161015 640.8
1476547200000 20161016 644.01
1476633600000 20161017 642.67
1476720000000 20161018 640.57
1476806400000 20161019 639.22
1476892800000 20161020 628.98
1476979200000 20161021 631.31
1477065600000 20161022 636.86
1477152000000 20161023 663.91
1477238400000 20161024 660.7
1477324800000 20161025 654.98
1477411200000 20161026 660.63
1477497600000 20161027 672.72
1477584000000 20161028 680.74
1477670400000 20161029 692.89
1477756800000 20161030 711.95
1477843200000 20161031 714.31
1477929600000 20161101 708.71
1478016000000 20161102 729.87
1478102400000 20161103 728.63
1478188800000 20161104 721.05
1478275200000 20161105 695.8
1478361600000 20161106 705.91
1478448000000 20161107 704.82
1478534400000 20161108 705.81
1478620800000 20161109 711.31
1478707200000 20161110 723.72
1478793600000 20161111 715.41
1478880000000 20161112 712.62
1478966400000 20161113 702.34
1479052800000 20161114 698.91
1479139200000 20161115 702.73
1479225600000 20161116 712.17
1479312000000 20161117 731.86
1479398400000 20161118 747.67
1479484800000 20161119 748.27
1479571200000 20161120 749.61
1479657600000 20161121 731.25
1479744000000 20161122 738.77
1479830400000 20161123 747.58
1479916800000 20161124 739.01
1480003200000 20161125 729.55
1480089600000 20161126 733.56
1480176000000 20161127 724.59
1480262400000 20161128 732.15
1480348800000 20161129 732.09
1480435200000 20161130 733.48
1480521600000 20161201 739.4
1480608000000 20161202 753.69
1480694400000 20161203 771.21
1480780800000 20161204 764.15
1480867200000 20161205 767.46
1480953600000 20161206 754.9
1481040000000 20161207 758.5
1481126400000 20161208 765.16
1481212800000 20161209 771.4
1481299200000 20161210 770.5
1481385600000 20161211 775.26
1481472000000 20161212 768.14
1481558400000 20161213 778.47
1481644800000 20161214 779.98
1481731200000 20161215 774.25
1481817600000 20161216 777.48
1481904000000 20161217 782.91
1481990400000 20161218 788.83
1482076800000 20161219 787
1482163200000 20161220 789.97
1482249600000 20161221 791.27
1482336000000 20161222 827.96
1482422400000 20161223 863.21
1482508800000 20161224 887.95
1482595200000 20161225 890.06
1482681600000 20161226 878.3
1482768000000 20161227 907.6
1482854400000 20161228 936.61
1482940800000 20161229 949.66
1483027200000 20161230 963.99
1483113600000 20161231 959.92
1483200000000 20170101 956.96
1483286400000 20170102 982
1483372800000 20170103 1030
1483459200000 20170104 1020.6
1483545600000 20170105 1086.4
1483632000000 20170106 992
1483718400000 20170107 913.27
1483804800000 20170108 892.99
1483891200000 20170109 912
1483977600000 20170110 901.79
1484064000000 20170111 905.78
1484150400000 20170112 797.1
1484236800000 20170113 794.87
1484323200000 20170114 816.58
1484409600000 20170115 829.36
1484496000000 20170116 813.9
1484582400000 20170117 828.7
1484668800000 20170118 878.49
1484755200000 20170119 871.25
1484841600000 20170120 893.48
1484928000000 20170121 897.35
1485014400000 20170122 920.73
1485100800000 20170123 911.31
1485187200000 20170124 920.54
1485273600000 20170125 902.65
1485360000000 20170126 887.33
1485446400000 20170127 917.03
1485532800000 20170128 920.69
1485619200000 20170129 918.82
1485705600000 20170130 917.93
1485792000000 20170131 920.74
1485878400000 20170201 957.69
1485964800000 20170202 966.36
1486051200000 20170203 994.76
1486137600000 20170204 1016.2
1486224000000 20170205 1013
1486310400000 20170206 1014.3
1486396800000 20170207 1022.7
1486483200000 20170208 1045.5
1486569600000 20170209 1049.9
1486656000000 20170210 979.88
1486742400000 20170211 974.4
1486828800000 20170212 994.89
1486915200000 20170213 998.87
1487001600000 20170214 992.88
1487088000000 20170215 1011.4
1487174400000 20170216 1010.6
1487260800000 20170217 1034.6
1487347200000 20170218 1060.1
1487433600000 20170219 1069.5
1487520000000 20170220 1056.2
1487606400000 20170221 1063.1
1487692800000 20170222 1109.9
1487779200000 20170223 1129.3
1487865600000 20170224 1156.4
1487952000000 20170225 1196
1488038400000 20170226 1162
1488124800000 20170227 1172.6
1488211200000 20170228 1181.8
1488297600000 20170301 1186.4
1488384000000 20170302 1219.9
1488470400000 20170303 1253.1
1488556800000 20170304 1279.6
1488643200000 20170305 1261
1488729600000 20170306 1273.6
1488816000000 20170307 1280.4
1488902400000 20170308 1230.8
1488988800000 20170309 1185.4
1489075200000 20170310 1191.7
1489161600000 20170311 1240.2
1489248000000 20170312 1183.4
1489334400000 20170313 1207.7
1489420800000 20170314 1232.1
1489507200000 20170315 1246.8
1489593600000 20170316 1256.3
1489680000000 20170317 1216
1489766400000 20170318 1152
1489852800000 20170319 972.3
1489939200000 20170320 1027.9
1490025600000 20170321 1042.8
1490112000000 20170322 1088.9
1490198400000 20170323 1016.5
1490284800000 20170324 1045.9
1490371200000 20170325 987.41
1490457600000 20170326 934.99
1490544000000 20170327 995
1490630400000 20170328 1031
1490716800000 20170329 1058.8
1490803200000 20170330 1043.1
1490889600000 20170331 1025.8
1490976000000 20170401 1088.7
1491062400000 20170402 1081.6
1491148800000 20170403 1108
1491235200000 20170404 1140.9
1491321600000 20170405 1133
1491408000000 20170406 1123
1491494400000 20170407 1169.4
1491580800000 20170408 1196.7
1491667200000 20170409 1186.2
1491753600000 20170410 1208.6
1491840000000 20170411 1220
1491926400000 20170412 1232.2
1492012800000 20170413 1233
1492099200000 20170414 1185.3
1492185600000 20170415 1211.1
1492272000000 20170416 1214.4
1492358400000 20170417 1204.9
1492444800000 20170418 1229
1492531200000 20170419 1260.6
1492617600000 20170420 1265.3
1492704000000 20170421 1298.9
1492790400000 20170422 1318.7
1492876800000 20170423 1307
1492963200000 20170424 1354.8
1493049600000 20170425 1332.9
1493136000000 20170426 1360.6
1493222400000 20170427 1404.6
1493308800000 20170428 1435.5
1493395200000 20170429 1396.8
1493481600000 20170430 1415
1493568000000 20170501 1427
1493654400000 20170502 1511.6
1493740800000 20170503 1559
1493827200000 20170504 1571.4
1493913600000 20170505 1653.7
1494000000000 20170506 1590.9
1494086400000 20170507 1554.7
1494172800000 20170508 1579.4
1494259200000 20170509 1656.2
1494345600000 20170510 1763.7
1494432000000 20170511 1806
1494518400000 20170512 1883.4
1494604800000 20170513 1811.8
1494691200000 20170514 1749.3
1494777600000 20170515 1807.8
1494864000000 20170516 1736.7
1494950400000 20170517 1793.3
1495036800000 20170518 1879.7
1495123200000 20170519 1919.3
1495209600000 20170520 1966.6
1495296000000 20170521 1989
1495382400000 20170522 2030.4
1495468800000 20170523 2171.3
1495555200000 20170524 2240.4
1495641600000 20170525 2355.3
1495728000000 20170526 2628.6
1495814400000 20170527 2340.8
1495900800000 20170528 2014.7
1495987200000 20170529 2012.7
1496073600000 20170530 2138
1496160000000 20170531 2168.5
1496246400000 20170601 2212.7
1496332800000 20170602 2284
1496419200000 20170603 2319
1496505600000 20170604 2447
1496592000000 20170605 2471.7
1496678400000 20170606 2547
1496764800000 20170607 2788.83340428
1496851200000 20170608 2754.7
1496937600000 20170609 2689.9
1497024000000 20170610 2834
1497110400000 20170611 2838.8
1497196800000 20170612 2954.9
1497283200000 20170613 2646.5
1497369600000 20170614 2679.7
1497456000000 20170615 2514.8
1497542400000 20170616 2194.2
1497628800000 20170617 2400
1497715200000 20170618 2578.7
1497801600000 20170619 2528.1
1497888000000 20170620 2533.9
1497974400000 20170621 2645.9
1498060800000 20170622 2672.3
1498147200000 20170623 2703.2
1498233600000 20170624 2699.4
1498320000000 20170625 2609.9
1498406400000 20170626 2525.6
1498492800000 20170627 2316.5
1498579200000 20170628 2295.95264245
1498665600000 20170629 2478.34560133
1498752000000 20170630 2490.7
1498838400000 20170701 2490
1498924800000 20170702 2400.2
1499011200000 20170703 2389.2
1499097600000 20170704 2560.9
1499184000000 20170705 2554.4
1499270400000 20170706 2554.9
1499356800000 20170707 2574.7
1499443200000 20170708 2501.9
1499529600000 20170709 2511.98846639
1499616000000 20170710 2534.1
1499702400000 20170711 2359.9
1499788800000 20170712 2315
1499875200000 20170713 2352.8
1499961600000 20170714 2315.5
1500048000000 20170715 2236.9
1500134400000 20170716 2024.7
1500220800000 20170717 1903.3
1500307200000 20170718 2043.9
1500393600000 20170719 2344.4
1500480000000 20170720 2314
1500566400000 20170721 2620
1500652800000 20170722 2725
1500739200000 20170723 2798.8
1500825600000 20170724 2788.5
1500912000000 20170725 2772.4
1500998400000 20170726 2571.1
1501084800000 20170727 2432
1501171200000 20170728 2533
1501257600000 20170729 2741.2
1501344000000 20170730 2703.9
1501430400000 20170731 2725.4
1501516800000 20170801 2770.9
1501603200000 20170802 2683.1
1501689600000 20170803 2696.5
1501776000000 20170804 2766.5
1501862400000 20170805 2862.3
1501948800000 20170806 3197
1502035200000 20170807 3252.4
1502121600000 20170808 3381.3
1502208000000 20170809 3382
1502294400000 20170810 3282.9
1502380800000 20170811 3442.4
1502467200000 20170812 3542.1
1502553600000 20170813 3869.2
1502640000000 20170814 4014.9
1502726400000 20170815 4230
1502812800000 20170816 3983.7
1502899200000 20170817 4311
1502985600000 20170818 4348.9
1503072000000 20170819 4223.9
1503158400000 20170820 4008
1503244800000 20170821 4099.9
1503331200000 20170822 4001
1503417600000 20170823 3892
1503504000000 20170824 4204.9
1503590400000 20170825 4226.6
1503676800000 20170826 4424.1
1503763200000 20170827 4295.1
1503849600000 20170828 4343.1
1503936000000 20170829 4297.7
1504022400000 20170830 4573
1504108800000 20170831 4557.9
1504195200000 20170901 4697.2
1504281600000 20170902 4823.7
1504368000000 20170903 4534.6
1504454400000 20170904 4437
1504540800000 20170905 4225
1504627200000 20170906 4205.2
1504713600000 20170907 4590.6
1504800000000 20170908 4655
1504886400000 20170909 4365
1504972800000 20170910 4271
1505059200000 20170911 4130.1
1505145600000 20170912 4230.4
1505232000000 20170913 4235.2
1505318400000 20170914 3829.5
1505404800000 20170915 3526.6
1505491200000 20170916 3665
1505577600000 20170917 3586.2
1505664000000 20170918 3676
1505750400000 20170919 4019.1
1505836800000 20170920 4007
1505923200000 20170921 3997.3
1506009600000 20170922 3747
1506096000000 20170923 3520
1506182400000 20170924 3724
1506268800000 20170925 3695.1
1506355200000 20170926 3929
1506441600000 20170927 3933
1506528000000 20170928 4090.8
1506614400000 20170929 4143.9
1506700800000 20170930 4196.7
1506787200000 20171001 4350.8
1506873600000 20171002 4315.8
1506960000000 20171003 4390.7
1507046400000 20171004 4297.4
1507132800000 20171005 4218.4
1507219200000 20171006 4317.9
1507305600000 20171007 4384.5
1507392000000 20171008 4350.8
1507478400000 20171009 4580
1507564800000 20171010 4643
1507651200000 20171011 4802
1507737600000 20171012 4844
1507824000000 20171013 5334
1507910400000 20171014 5750
1507996800000 20171015 5717.9
1508083200000 20171016 5528
1508169600000 20171017 5705.8
1508256000000 20171018 5575.9
1508342400000 20171019 5330.4
1508428800000 20171020 5637.1
1508515200000 20171021 5963.9
1508601600000 20171022 6149.4
1508688000000 20171023 5995.1
1508774400000 20171024 5785.4
1508860800000 20171025 5627.8
1508947200000 20171026 5466.9
1509033600000 20171027 5930.5
1509120000000 20171028 5750.1
1509206400000 20171029 5682
1509292800000 20171030 6008.6
1509379200000 20171031 6080
1509465600000 20171101 6360.3
1509552000000 20171102 6548.9
1509638400000 20171103 7070
1509724800000 20171104 7323.8
1509811200000 20171105 7338
1509897600000 20171106 7518.1
1509984000000 20171107 7254.8
1510070400000 20171108 7030
1510156800000 20171109 7492
1510243200000 20171110 7152.1
1510329600000 20171111 6814.9
1510416000000 20171112 6305.6
1510502400000 20171113 6189
1510588800000 20171114 6584.2
1510675200000 20171115 6456
1510761600000 20171116 7229
1510848000000 20171117 7461.1
1510934400000 20171118 7954.1
1511020800000 20171119 7683.8
1511107200000 20171120 7755
1511193600000 20171121 8214.2
1511280000000 20171122 8360
1511366400000 20171123 8226.3
1511452800000 20171124 8165.7
1511539200000 20171125 8175.2
1511625600000 20171126 8627.9
1511712000000 20171127 9121.9
1511798400000 20171128 9648.4
1511884800000 20171129 9873.2
1511971200000 20171130 10823
1512057600000 20171201 9132.7
1512144000000 20171202 10523
1512230400000 20171203 10714
1512316800000 20171204 11750
1512403200000 20171205 11338
1512489600000 20171206 11784
1512576000000 20171207 12333
1512662400000 20171208 15350
1512748800000 20171209 15177
1512835200000 20171210 14410
1512921600000 20171211 15436
1513008000000 20171212 16339
1513094400000 20171213 17153
1513180800000 20171214 16890
1513267200000 20171215 16330
1513353600000 20171216 17609
1513440000000 20171217 18797
1513526400000 20171218 19390
1513612800000 20171219 18706
1513699200000 20171220 17680
1513785600000 20171221 16433
1513872000000 20171222 15364.4671785
1513958400000 20171223 12610
1514044800000 20171224 14408
1514131200000 20171225 12575
1514217600000 20171226 13480
1514304000000 20171227 15644
1514390400000 20171228 15268
1514476800000 20171229 14093
1514563200000 20171230 14474
1514649600000 20171231 12265
1514736000000 20180101 13258
1514822400000 20180102 13208
1514908800000 20180103 13712
1514995200000 20180104 15072
1515081600000 20180105 14466
1515168000000 20180106 16059.73567349
1515254400000 20180107 16620
1515340800000 20180108 16470
1515427200000 20180109 14400
1515513600000 20180110 14678
1515600000000 20180111 14336
1515686400000 20180112 13959
1515772800000 20180113 13586
1515859200000 20180114 14257
1515945600000 20180115 13079
1516032000000 20180116 14080
1516118400000 20180117 11974
1516204800000 20180118 9511.3
1516291200000 20180119 11766
1516377600000 20180120 11470
1516464000000 20180121 12520
1516550400000 20180122 11477
1516636800000 20180123 10375
1516723200000 20180124 10745
1516809600000 20180125 11075
1516896000000 20180126 10978
1516982400000 20180127 11025
1517068800000 20180128 11512
1517155200000 20180129 11751
1517241600000 20180130 11401.12370948
1517328000000 20180131 10320
1517414400000 20180201 10017.4900636
1517500800000 20180202 9325.9
1517587200000 20180203 9049.9
1517673600000 20180204 9215
1517760000000 20180205 8403.7
1517846400000 20180206 7391.2
1517932800000 20180207 7280
1518019200000 20180208 8159.9
1518105600000 20180209 8233
1518192000000 20180210 8343.3
1518278400000 20180211 8336.4
1518364800000 20180212 8439.9
1518451200000 20180213 8657.8
1518537600000 20180214 8483.7
1518624000000 20180215 9307.9
1518710400000 20180216 9830.9
1518796800000 20180217 10038
1518883200000 20180218 10726
1518969600000 20180219 10632
1519056000000 20180220 11168
1519142400000 20180221 11508
1519228800000 20180222 10558
1519315200000 20180223 9995.11711525
1519401600000 20180224 10300
1519488000000 20180225 9730.1
1519574400000 20180226 9400
1519660800000 20180227 10269
1519747200000 20180228 10577
1519833600000 20180301 10506
1519920000000 20180302 10715.9441168
1520006400000 20180303 10840
1520092800000 20180304 11470
1520179200000 20180305 11141
1520265600000 20180306 11508
1520352000000 20180307 10972.34280045
1520438400000 20180308 10661
1520524800000 20180309 9903.9
1520611200000 20180310 8944.1
1520697600000 20180311 9363.9
1520784000000 20180312 9085.5
1520870400000 20180313 9178
1520956800000 20180314 9071.1
1521043200000 20180315 8719.7
1521129600000 20180316 8093.9
1521216000000 20180317 8551.2
1521302400000 20180318 7888
1521388800000 20180319 7380.1
1521475200000 20180320 8559.1
1521561600000 20180321 8517
1521648000000 20180322 9024.5
1521734400000 20180323 8595.8
1521820800000 20180324 8621.4
1521907200000 20180325 8952.8
1521993600000 20180326 8470.7
1522080000000 20180327 8067.8
1522166400000 20180328 8054.9
1522252800000 20180329 7859.3
1522339200000 20180330 7472.9
1522425600000 20180331 6791.7
1522512000000 20180401 7050
1522598400000 20180402 6440.1
1522684800000 20180403 7027.4
1522771200000 20180404 7382.3
1522857600000 20180405 6789
1522944000000 20180406 6739
1523030400000 20180407 6587.23050703
1523116800000 20180408 7003.7
1523203200000 20180409 7040
1523289600000 20180410 6724.8
1523376000000 20180411 6815.5
1523462400000 20180412 6929.8
1523548800000 20180413 7641.9
1523635200000 20180414 8129
1523721600000 20180415 7956.3
1523808000000 20180416 8280.4
1523894400000 20180417 7973.3
1523980800000 20180418 8085.2
1524067200000 20180419 7989.9
1524153600000 20180420 8229
1524240000000 20180421 8467.1
1524326400000 20180422 8820
1524412800000 20180423 8937.7
1524499200000 20180424 8901.6
1524585600000 20180425 9360
1524672000000 20180426 8972.3
1524758400000 20180427 8803.8
1524844800000 20180428 9232.3
1524931200000 20180429 9340
1525017600000 20180430 9319.9
1525104000000 20180501 9304.6
1525190400000 20180502 8911.6
1525276800000 20180503 9157.1
1525363200000 20180504 9436.5
1525449600000 20180505 9626.1
1525536000000 20180506 9911.7
1525622400000 20180507 9520.1
1525708800000 20180508 9356
1525795200000 20180509 9185.3
1525881600000 20180510 9285.1
1525968000000 20180511 9344.4
1526054400000 20180512 8577.9
1526140800000 20180513 8337.6
1526227200000 20180514 8607.2
1526313600000 20180515 8778.9
1526400000000 20180516 8520.7
1526486400000 20180517 8273.7
1526572800000 20180518 8300.9
1526659200000 20180519 8105
1526745600000 20180520 8307.9
1526832000000 20180521 8373.2
1526918400000 20180522 8409.7
1527004800000 20180523 8230.1
1527091200000 20180524 7700
1527177600000 20180525 7558.9
1527264000000 20180526 7493.1
1527350400000 20180527 7536.1
1527436800000 20180528 7328.4
1527523200000 20180529 7225.8
1527609600000 20180530 7424.9
1527696000000 20180531 7330
1527782400000 20180601 7557.3
1527868800000 20180602 7438.8
1527955200000 20180603 7621.8
1528041600000 20180604 7719.2
1528128000000 20180605 7503.78373276
1528214400000 20180606 7582.4
1528300800000 20180607 7654.3
1528387200000 20180608 7693.8
1528473600000 20180609 7636.4
1528560000000 20180610 7620.9
1528646400000 20180611 7226.89629522
1528732800000 20180612 6692.7
1528819200000 20180613 6752.9
1528905600000 20180614 6375.1
1528992000000 20180615 6349.9
1529078400000 20180616 6541
1529164800000 20180617 6360.3
1529251200000 20180618 6520
1529337600000 20180619 6463
1529424000000 20180620 6738.4
1529510400000 20180621 6753.2
1529596800000 20180622 6716.1
1529683200000 20180623 6153
1529769600000 20180624 6095.8
1529856000000 20180625 5777
1529942400000 20180626 6287.2
1530028800000 20180627 6184.9
1530115200000 20180628 6105.1
1530201600000 20180629 6101.7
1530288000000 20180630 5905.5
1530374400000 20180701 6379.9
1530460800000 20180702 6319.9
1530547200000 20180703 6629
1530633600000 20180704 6583.6
1530720000000 20180705 6682.99770869
1530806400000 20180706 6611.6
1530892800000 20180707 6566.4
1530979200000 20180708 6559
1531065600000 20180709 6744.5
1531152000000 20180710 6728
1531238400000 20180711 6380
1531324800000 20180712 6362.1
1531411200000 20180713 6166
1531497600000 20180714 6265.30391531
1531584000000 20180715 6242.7
1531670400000 20180716 6375
1531756800000 20180717 6635
1531843200000 20180718 6781.63056709
1531929600000 20180719 7425
1532016000000 20180720 7396.7
1532102400000 20180721 7468
1532188800000 20180722 7389.1
1532275200000 20180723 7527.7
1532361600000 20180724 7725.7
1532448000000 20180725 8185.8
1532534400000 20180726 8130
1532620800000 20180727 8211.3
1532707200000 20180728 8153.9
1532793600000 20180729 8120
1532880000000 20180730 8227.87173476
1532966400000 20180731 8130.1
1533052800000 20180801 7754.5
1533139200000 20180802 7602.5
1533225600000 20180803 7526.4
1533312000000 20180804 7470.2
1533398400000 20180805 6982
1533484800000 20180806 7001.1
1533571200000 20180807 6971.7
1533657600000 20180808 7119.3
1533744000000 20180809 6481.5
1533830400000 20180810 6442.1
1533916800000 20180811 6450.18062844
1534003200000 20180812 6105
1534089600000 20180813 6315.4
1534176000000 20180814 6288.96379132
1534262400000 20180815 6030.1
1534348800000 20180816 6444.3
1534435200000 20180817 6409.54555722
1534521600000 20180818 6474.6
1534608000000 20180819 6362.2
1534694400000 20180820 6398.8
1534780800000 20180821 6425
1534867200000 20180822 6425
1534953600000 20180823 6453.5
1535040000000 20180824 6442.4
1535126400000 20180825 6504.9192522
1535212800000 20180826 6746.5
1535299200000 20180827 6678.4
1535385600000 20180828 6760
1535472000000 20180829 7056.3
1535558400000 20180830 6979
1535644800000 20180831 6862.1
1535731200000 20180901 6920.1
1535817600000 20180902 7170
1535904000000 20180903 7222.4
1535990400000 20180904 7294.1
1536076800000 20180905 7377
1536163200000 20180906 7001.4
1536249600000 20180907 6428.2
1536336000000 20180908 6365.088358
1536422400000 20180909 6430.9
1536508800000 20180910 6377.6
1536595200000 20180911 6294.9
1536681600000 20180912 6255.2
1536768000000 20180913 6275.7
1536854400000 20180914 6479.86318619
1536940800000 20180915 6478.3
1537027200000 20180916 6538.2
1537113600000 20180917 6476.9
1537200000000 20180918 6259.45543366
1537286400000 20180919 6361.5
1537372800000 20180920 6331.1
1537459200000 20180921 6417
1537545600000 20180922 6689.1
1537632000000 20180923 6691.1
1537718400000 20180924 6684
1537804800000 20180925 6605
1537891200000 20180926 6405.2
1537977600000 20180927 6534.3
1538064000000 20180928 6498.4
1538150400000 20180929 6664.9
1538236800000 20180930 6601.8
1538323200000 20181001 6608.8
1538409600000 20181002 6560
1538496000000 20181003 6560
1538582400000 20181004 6510
1538668800000 20181005 6594
1538755200000 20181006 6593.5
1538841600000 20181007 6594.8
1538928000000 20181008 6576.5
1539014400000 20181009 6672.2
1539100800000 20181010 6638.1067659
1539187200000 20181011 6582.6
1539273600000 20181012 6292.4
1539360000000 20181013 6340.1
1539446400000 20181014 6321.5
1539532800000 20181015 6376.7
1539619200000 20181016 6885.1
1539705600000 20181017 6717.6
1539792000000 20181018 6741.4
1539878400000 20181019 6700.26405628
1539964800000 20181020 6564.8
1540051200000 20181021 6575.6
1540137600000 20181022 6642.6
1540224000000 20181023 6561.00791606
1540310400000 20181024 6560.0199954
1540396800000 20181025 6579.23672708
1540483200000 20181026 6544
1540569600000 20181027 6536.9
1540656000000 20181028 6493.4
1540742400000 20181029 6474.7
1540828800000 20181030 6380.4
1540915200000 20181031 6354.3588136
1541001600000 20181101 6387.5
1541088000000 20181102 6364
1541174400000 20181103 6420.89791597
1541260800000 20181104 6364.6
1541347200000 20181105 6491.5
1541433600000 20181106 6472.4
1541520000000 20181107 6492.26299862
1541606400000 20181108 6546.3
1541692800000 20181109 6536.9
1541779200000 20181110 6430.87694692
1541865600000 20181111 6450.7
1541952000000 20181112 6383.3
1542038400000 20181113 6450
1542124800000 20181114 6458.9
1542211200000 20181115 6234.6
1542297600000 20181116 5686.3
1542384000000 20181117 5649.9
1542470400000 20181118 5599.4
1542556800000 20181119 5646.31715136
1542643200000 20181120 5222
1542729600000 20181121 4960.7
1542816000000 20181122 4639
1542902400000 20181123 4560.9
1542988800000 20181124 4403.9
1543075200000 20181125 4369.7
1543161600000 20181126 3890.3
1543248000000 20181127 3833.3
1543334400000 20181128 3779
1543420800000 20181129 4296
1543507200000 20181130 4287.4
1543593600000 20181201 4049.2
1543680000000 20181202 4263
1543766400000 20181203 4200.3
1543852800000 20181204 3895.3
1543939200000 20181205 4061.1
1544025600000 20181206 3897.9
1544112000000 20181207 3727.5
1544198400000 20181208 3367.3
1544284800000 20181209 3429.4
1544371200000 20181210 3688.8
1544457600000 20181211 3513.23776214
1544544000000 20181212 3413.4
1544630400000 20181213 3554.1301863
1544716800000 20181214 3500.9
1544803200000 20181215 3325.6
1544889600000 20181216 3229.8
1544976000000 20181217 3327.9
1545062400000 20181218 3522.7
1545148800000 20181219 3623.5
1545235200000 20181220 3900.2
1545321600000 20181221 4171.6
1545408000000 20181222 4087.2
1545494400000 20181223 3982.709187
1545580800000 20181224 4070.4
1545667200000 20181225 4162.6
1545753600000 20181226 3852.16069783
1545840000000 20181227 3857.6
1545926400000 20181228 3855.1
1546012800000 20181229 3982.7
1546099200000 20181230 4007.1
1546185600000 20181231 3930.3565808
1546272000000 20190101 3898.59419614
1546358400000 20190102 3825.6
1546444800000 20190103 3975.6
1546531200000 20190104 3983.6
1546617600000 20190105 3881.2
1546704000000 20190106 3950.7
1546790400000 20190107 3947.7
1546876800000 20190108 4100
1546963200000 20190109 4153.1
1547049600000 20190110 4071.30600789
1547136000000 20190111 3872.70348402
1547222400000 20190112 3724
1547308800000 20190113 3707.954775
1547395200000 20190114 3692.1
1547481600000 20190115 3764.1
1547568000000 20190116 3723.5
1547654400000 20190117 3692.4
1547740800000 20190118 3683.3
1547827200000 20190119 3698.5
1547913600000 20190120 3789.4
1548000000000 20190121 3584.7
1548086400000 20190122 3588.5
1548172800000 20190123 3644.7
1548259200000 20190124 3616.5
1548345600000 20190125 3633.9
1548432000000 20190126 3625.2
1548518400000 20190127 3632.9
1548604800000 20190128 3609
1548691200000 20190129 3488.5
1548777600000 20190130 3479.1
1548864000000 20190131 3534.4
1548950400000 20190201 3501.7
1549036800000 20190202 3521.3
1549123200000 20190203 3510
1549209600000 20190204 3506.6
1549296000000 20190205 3493.51368751
1549382400000 20190206 3501.1
1549468800000 20190207 3454.5
1549555200000 20190208 3448.9
1549641600000 20190209 3575.3
1549728000000 20190210 3701.2
1549814400000 20190211 3691
1549900800000 20190212 3696.3
1549987200000 20190213 3676
1550073600000 20190214 3652.9
1550160000000 20190215 3666
1550246400000 20190216 3654.7
1550332800000 20190217 3705.9582041
1550419200000 20190218 3678.47903935
1550505600000 20190219 3916.2
1550592000000 20190220 4056.9
1550678400000 20190221 4017.31857207
1550764800000 20190222 4003.3
1550851200000 20190223 4044
1550937600000 20190224 4026.2
1551024000000 20190225 3880
1551110400000 20190226 3897.4
1551196800000 20190227 3910.9
1551283200000 20190228 3909
1551369600000 20190301 3944
1551456000000 20190302 3920.7
1551542400000 20190303 3903.3
1551628800000 20190304 3889.9
1551715200000 20190305 3797.55004897
1551801600000 20190306 3922.9
1551888000000 20190307 3949.6
1551974400000 20190308 3965.9
1552060800000 20190309 3988.3
1552147200000 20190310 4026.6
1552233600000 20190311 3990.9
1552320000000 20190312 3934.3
1552406400000 20190313 3949.7
1552492800000 20190314 3955.9
1552579200000 20190315 3953.6
1552665600000 20190316 4005.1
1552752000000 20190317 4077.2
1552838400000 20190318 4078
1552924800000 20190319 4065.2
1553011200000 20190320 4082.21916874
1553097600000 20190321 4098.4
1553184000000 20190322 4038.9
1553270400000 20190323 4050.1
1553356800000 20190324 4055.90051565
1553443200000 20190325 4044.2
1553529600000 20190326 4014.4
1553616000000 20190327 3983.1
1553702400000 20190328 4087.97390877
1553788800000 20190329 4092.3
1553875200000 20190330 4163.6
1553961600000 20190331 4146
1554048000000 20190401 4163.4
1554134400000 20190402 4203.6
1554220800000 20190403 4829.9
1554307200000 20190404 5037.1373388
1554393600000 20190405 5029.9
1554480000000 20190406 5028.9
1554566400000 20190407 5186.96573837
1554652800000 20190408 5173.4
1554739200000 20190409 5265
1554825600000 20190410 5237.4
1554912000000 20190411 5296.1
1554998400000 20190412 5051.86921476
1555084800000 20190413 5102.14581806
1555171200000 20190414 5117
1555257600000 20190415 5130
1555344000000 20190416 5186.4815142
1555430400000 20190417 5102.18367745
1555516800000 20190418 5251.8
1555603200000 20190419 5279.3
1555689600000 20190420 5309.9
1555776000000 20190421 5344.7
1555862400000 20190422 5308
1555948800000 20190423 5341.5071451
1556035200000 20190424 5603.1
1556121600000 20190425 5493.92869211
1556208000000 20190426 5497.4
1556294400000 20190427 5379.2
1556380800000 20190428 5378.8876672
1556467200000 20190429 5526.02200805
1556553600000 20190430 5402.8
1556640000000 20190501 5590.1
1556726400000 20190502 5608.6
1556812800000 20190503 5760.06154562
1556899200000 20190504 6056.1
1556985600000 20190505 5916
1557072000000 20190506 6021.5
1557158400000 20190507 6024.97824818
1557244800000 20190508 6200
1557331200000 20190509 6154.7
1557417600000 20190510 6181.9
1557504000000 20190511 6432.1
1557590400000 20190512 6909.8
1557676800000 20190513 6929.6
1557763200000 20190514 7750.1
1557849600000 20190515 7926
1557936000000 20190516 8005.5
1558022400000 20190517 7998.90458872
1558108800000 20190518 7177.9
1558195200000 20190519 7380.4
1558281600000 20190520 7997.6
1558368000000 20190521 7814.04496132
1558454400000 20190522 7918.6
1558540800000 20190523 7974.9
1558627200000 20190524 7760.1
1558713600000 20190525 8102.6
1558800000000 20190526 8057.5
1558886400000 20190527 8010.9
1558972800000 20190528 8849.1
1559059200000 20190529 8727.2
1559145600000 20190530 8717.64376325
1559232000000 20190531 8966.5
1559318400000 20190601 8325.9
1559404800000 20190602 8530
1559491200000 20190603 8714.9
1559577600000 20190604 8456.3
1559664000000 20190605 7932.4
1559750400000 20190606 7658
1559836800000 20190607 7708.9
1559923200000 20190608 7953.9
1560009600000 20190609 7949.8
1560096000000 20190610 7755.8
1560182400000 20190611 7935.27146509
1560268800000 20190612 7778.26175763
1560355200000 20190613 8187.6
1560441600000 20190614 8190.7
1560528000000 20190615 8402.9
1560614400000 20190616 8790.6
1560700800000 20190617 9248.662724
1560787200000 20190618 9204.7
1560873600000 20190619 9083.7
1560960000000 20190620 9115.9
1561046400000 20190621 9429.7
1561132800000 20190622 9799.8
1561219200000 20190623 10829.0837665
1561305600000 20190624 10811
1561392000000 20190625 10946
1561478400000 20190626 11362
1561564800000 20190627 12818.29362912
1561651200000 20190628 11745
1561737600000 20190629 11898
1561824000000 20190630 11836
1561910400000 20190701 11077
1561996800000 20190702 10419
1562083200000 20190703 10707
1562169600000 20190704 11438
1562256000000 20190705 11765.89721698
1562342400000 20190706 11280.32032512
1562428800000 20190707 11657
1562515200000 20190708 11255
1562601600000 20190709 11896
1562688000000 20190710 12386
1562774400000 20190711 12359.79215127
1562860800000 20190712 11490
1562947200000 20190713 11495
1563033600000 20190714 11379
1563120000000 20190715 10411
1563206400000 20190716 10552
1563292800000 20190717 10484
1563379200000 20190718 9736.19694389
1563465600000 20190719 10429
1563552000000 20190720 10414
1563638400000 20190721 10630
1563724800000 20190722 10426
1563811200000 20190723 10222
1563897600000 20190724 9933.7
1563984000000 20190725 9900.5
1564070400000 20190726 9991.9
1564156800000 20190727 9793.8
1564243200000 20190728 9411.74506426
1564329600000 20190729 9500.9
1564416000000 20190730 9519.489941
1564502400000 20190731 9698.9
1564588800000 20190801 10060
1564675200000 20190802 10021.40306549
1564761600000 20190803 10622
1564848000000 20190804 10751
1564934400000 20190805 10981
1565020800000 20190806 11774
1565107200000 20190807 11720.104774
1565193600000 20190808 11688
1565280000000 20190809 11718
1565366400000 20190810 11770
1565452800000 20190811 11416
1565539200000 20190812 11387
1565625600000 20190813 11405
1565712000000 20190814 10958
1565798400000 20190815 10517.06853651
1565884800000 20190816 10118
1565971200000 20190817 10409
1566057600000 20190818 10328
1566144000000 20190819 10409
1566230400000 20190820 10736
1566316800000 20190821 10754
1566403200000 20190822 9995.1
1566489600000 20190823 10120
1566576000000 20190824 10392
1566662400000 20190825 10001
1566748800000 20190826 10082
1566835200000 20190827 10342
1566921600000 20190828 10192
1567008000000 20190829 10254
1567094400000 20190830 9535
1567180800000 20190831 9616.3
1567267200000 20190901 9604
1567353600000 20190902 9635.5
1567440000000 20190903 9912.5
1567526400000 20190904 10699
1567612800000 20190905 10437
1567699200000 20190906 10574
1567785600000 20190907 10887
1567872000000 20190908 10472.90906473
1567958400000 20190909 10427
1568044800000 20190910 10353
1568131200000 20190911 10188
1568217600000 20190912 9996
1568304000000 20190913 10347
1568390400000 20190914 10325.92391286
1568476800000 20190915 10387
1568563200000 20190916 10340.94205352
1568649600000 20190917 10118.49648618
1568736000000 20190918 10236.84257246
1568822400000 20190919 10208
1568908800000 20190920 9907.3
1568995200000 20190921 10205
1569081600000 20190922 10073.0843963
1569168000000 20190923 9999.94496297
1569254400000 20190924 9892.4
1569340800000 20190925 9531.3
1569427200000 20190926 8336.5
1569513600000 20190927 7958.1
1569600000000 20190928 8019.9
1569686400000 20190929 8112
1569772800000 20190930 7988.9
1569859200000 20191001 8337.5
1569945600000 20191002 8410.9
1570032000000 20191003 8262.9
1570118400000 20191004 8150.076387
1570204800000 20191005 8181.53805
1570291200000 20191006 8123.5
1570377600000 20191007 8050.83724397
1570464000000 20191008 8216.0539542
1570550400000 20191009 8212
1570636800000 20191010 8589.5
1570723200000 20191011 8580.3
1570809600000 20191012 8374.3
1570896000000 20191013 8400
1570982400000 20191014 8434
1571068800000 20191015 8275.5
1571155200000 20191016 8339.7
1571241600000 20191017 7979.1
1571328000000 20191018 8097
1571414400000 20191019 7958.6
1571500800000 20191020 8033.3
1571587200000 20191021 8064.98735082
1571673600000 20191022 8217.9
1571760000000 20191023 8242.2
1571846400000 20191024 7450.1
1571932800000 20191025 7470
1572019200000 20191026 8312.9
1572105600000 20191027 9214.26977504
1572192000000 20191028 9576
1572278400000 20191029 9419.1
1572364800000 20191030 9372.6
1572451200000 20191031 9127.7
1572537600000 20191101 9252.8
1572624000000 20191102 9128
1572710400000 20191103 9365.2
1572796800000 20191104 9210.8
1572883200000 20191105 9314
1572969600000 20191106 9389.6
1573056000000 20191107 9354.1
1573142400000 20191108 9189.9
1573228800000 20191109 8803.9
1573315200000 20191110 8813.9
1573401600000 20191111 8823.4
1573488000000 20191112 8720
1573574400000 20191113 8698.8
1573660800000 20191114 8768.1
1573747200000 20191115 8660.1
1573833600000 20191116 8485.5
1573920000000 20191117 8513
1574006400000 20191118 8567.22809881
1574092800000 20191119 8440.3
1574179200000 20191120 8137.3
1574265600000 20191121 8158.31132324
1574352000000 20191122 7648.4
1574438400000 20191123 7155.9
1574524800000 20191124 7344.4
1574611200000 20191125 7035.7
1574697600000 20191126 7317.5
1574784000000 20191127 7139.9
1574870400000 20191128 7352.7829256
1574956800000 20191129 7648.6
1575043200000 20191130 7868.2
1575129600000 20191201 7582.1
1575216000000 20191202 7355.3
1575302400000 20191203 7356
1575388800000 20191204 7378.4
1575475200000 20191205 7530.2
1575561600000 20191206 7381.8
1575648000000 20191207 7415.7
1575734400000 20191208 7565.84661752
1575820800000 20191209 7594.5
1575907200000 20191210 7454.9
1575993600000 20191211 7267.19366021
1576080000000 20191212 7199.1
1576166400000 20191213 7209.06582634
1576252800000 20191214 7285
1576339200000 20191215 7087.7
1576425600000 20191216 7136.92386259
1576512000000 20191217 7128.6
1576598400000 20191218 6739.4
1576684800000 20191219 6861.3
1576771200000 20191220 7180.7
1576857600000 20191221 7183.2
1576944000000 20191222 7168.1
1577030400000 20191223 7211.9
1577116800000 20191224 7617.2
1577203200000 20191225 7285.2533652
1577289600000 20191226 7215
1577376000000 20191227 7255.5
1577462400000 20191228 7275.4
1577548800000 20191229 7340.962881
1577635200000 20191230 7419.8
1577721600000 20191231 7274.7
1577808000000 20200101 7203
1577894400000 20200102 7249.90204744
1577980800000 20200103 7149.22762277
1578067200000 20200104 7346
1578153600000 20200105 7348.7
1578240000000 20200106 7478.19991824
1578326400000 20200107 7538
1578412800000 20200108 7770.6
1578499200000 20200109 8294.57667224
1578585600000 20200110 7903.4
1578672000000 20200111 8055.1
1578758400000 20200112 8090.3
1578844800000 20200113 8137.9
1578931200000 20200114 8066.8
1579017600000 20200115 8661.5
1579104000000 20200116 8745.6
1579190400000 20200117 8701.10099658
1579276800000 20200118 8843.6
1579363200000 20200119 8871.2
1579449600000 20200120 8625.0308144
1579536000000 20200121 8666.4229579
1579622400000 20200122 8644.9
1579708800000 20200123 8644.7
1579795200000 20200124 8346.46713184
1579881600000 20200125 8499.1
1579968000000 20200126 8339.5918038
1580054400000 20200127 8456.9928471
1580140800000 20200128 8775.8
1580227200000 20200129 9035
1580313600000 20200130 9287.9
1580400000000 20200131 9392
1580486400000 20200201 9330.4
1580572800000 20200202 9356.8
1580659200000 20200203 9485.7
1580745600000 20200204 9281.2
1580832000000 20200205 9206.627712
1580918400000 20200206 9495
1581004800000 20200207 9786.3451455
1581091200000 20200208 9770.3
1581177600000 20200209 9831.17274855
1581264000000 20200210 10094
1581350400000 20200211 9850.1
1581436800000 20200212 9779
1581523200000 20200213 10335
1581609600000 20200214 10250
1581696000000 20200215 10239
1581782400000 20200216 9970
1581868800000 20200217 9878.8
1581955200000 20200218 9669.6
1582041600000 20200219 9871
1582128000000 20200220 10151
1582214400000 20200221 9573
1582300800000 20200222 9728.0402652
1582387200000 20200223 9634.9
1582473600000 20200224 9892.2
1582560000000 20200225 9716.3
1582646400000 20200226 9388.2
1582732800000 20200227 9009.9
1582819200000 20200228 8859.9
1582905600000 20200229 8729.3
1582992000000 20200301 8686.95028522
1583078400000 20200302 8589.1
1583164800000 20200303 8859.5
1583251200000 20200304 8787.6
1583337600000 20200305 8749.9
1583424000000 20200306 9122.3
1583510400000 20200307 9058.3
1583596800000 20200308 9164.6407608
1583683200000 20200309 8440.1
1583769600000 20200310 7794.2
1583856000000 20200311 7803.82972812
1583942400000 20200312 7809.3
1584028800000 20200313 6164.6
1584115200000 20200314 5236.4
1584201600000 20200315 5330.7
1584288000000 20200316 5346.46007927
1584374400000 20200317 5172.1
1584460800000 20200318 5394.1
1584547200000 20200319 5354.45890176
1584633600000 20200320 5925
1584720000000 20200321 6616.4
1584806400000 20200322 6223.1
1584892800000 20200323 6086.6
1584979200000 20200324 6238.9
1585065600000 20200325 6599.39490045
1585152000000 20200326 6621.6
1585238400000 20200327 6626.8
1585324800000 20200328 6635.8
1585411200000 20200329 6228.8
1585497600000 20200330 6143.9
1585584000000 20200331 6359.8
1585670400000 20200401 6465.9
1585756800000 20200402 6253.4
1585843200000 20200403 6819.2
1585929600000 20200404 6723.4
1586016000000 20200405 6744
1586102400000 20200406 6792.1
1586188800000 20200407 7160.3
1586275200000 20200408 7334.1
1586361600000 20200409 7282
1586448000000 20200410 7288.7
1586534400000 20200411 6780.4
1586620800000 20200412 6847.2
1586707200000 20200413 7032
1586793600000 20200414 6770
1586880000000 20200415 6917.8
1586966400000 20200416 6717
1587052800000 20200417 7067.1
1587139200000 20200418 7060.08467098
1587225600000 20200419 7262.43555309
1587312000000 20200420 7107.3
1587398400000 20200421 7082.93901273
1587484800000 20200422 6844.16839458
1587571200000 20200423 7125.34837648
1587657600000 20200424 7547.7
1587744000000 20200425 7522.8
1587830400000 20200426 7532.2
1587916800000 20200427 7550
1588003200000 20200428 7672.3
1588089600000 20200429 7715.6
1588176000000 20200430 8353.6
1588262400000 20200501 8786.7
1588348800000 20200502 8741.55289877
1588435200000 20200503 8936
1588521600000 20200504 8809.6
1588608000000 20200505 8844.7331477
1588694400000 20200506 8836.04135566
1588780800000 20200507 9285.3
1588867200000 20200508 9511.7
1588953600000 20200509 9938.3
1589040000000 20200510 9682.9
1589126400000 20200511 8661
1589212800000 20200512 8880.5447955
1589299200000 20200513 8871.2985139
1589385600000 20200514 9132.9
1589472000000 20200515 9751.6
1589558400000 20200516 9474.3
1589644800000 20200517 9375.9
1589731200000 20200518 9815.08053513
1589817600000 20200519 9662.3
1589904000000 20200520 9670.31785262
1589990400000 20200521 9400.3
1590076800000 20200522 9084
1590163200000 20200523 9214.0434152
1590249600000 20200524 9194.10999432
1590336000000 20200525 9052.7
1590422400000 20200526 8784.5
1590508800000 20200527 8723.5
1590595200000 20200528 9151
1590681600000 20200529 9498
1590768000000 20200530 9405.7
1590854400000 20200531 9552.4
1590940800000 20200601 9475.6
1591027200000 20200602 9538.6
1591113600000 20200603 9480.3
1591200000000 20200604 9564.5
1591286400000 20200605 9836.7
1591372800000 20200606 9715.70272209
1591459200000 20200607 9651.1
1591545600000 20200608 9498.7
1591632000000 20200609 9698.7
1591718400000 20200610 9719.47767821
1591804800000 20200611 9759.8
1591891200000 20200612 9515
1591977600000 20200613 9418.9
1592064000000 20200614 9438.2
1592150400000 20200615 9417
1592236800000 20200616 9303.7924938
1592323200000 20200617 9454.1
1592409600000 20200618 9397.98352029
1592496000000 20200619 9390.6
1592582400000 20200620 9383.3
1592668800000 20200621 9267.6
1592755200000 20200622 9383.76770249
1592841600000 20200623 9504.3
1592928000000 20200624 9697.5
1593014400000 20200625 9256.1
1593100800000 20200626 9238.50964496
1593187200000 20200627 9153.2
1593273600000 20200628 9141.4
1593360000000 20200629 9166.5
1593446400000 20200630 9134.24300216
1593532800000 20200701 9175.5
1593619200000 20200702 9272.8
1593705600000 20200703 9057.68390448
1593792000000 20200704 9109.4
1593878400000 20200705 9075.1
1593964800000 20200706 9037.3
1594051200000 20200707 9319.2
1594137600000 20200708 9286.508144
1594224000000 20200709 9428.7
1594310400000 20200710 9226.0819434
1594396800000 20200711 9253.9
1594483200000 20200712 9238
1594569600000 20200713 9232.8
1594656000000 20200714 9308.4
1594742400000 20200715 9237.052959
1594828800000 20200716 9213.77443939
1594915200000 20200717 9135.5
1595001600000 20200718 9153.12020212
1595088000000 20200719 9187.6
1595174400000 20200720 9134.5
1595260800000 20200721 9191.35983635
1595347200000 20200722 9361.35802155
1595433600000 20200723 9359.2
1595520000000 20200724 9549.39875114
1595606400000 20200725 9566.2
1595692800000 20200726 9612.04022734
1595779200000 20200727 9980.3
1595865600000 20200728 10317.12545347
1595952000000 20200729 11187
1596038400000 20200730 11180.01945452
1596124800000 20200731 11041
1596211200000 20200801 11360
1596297600000 20200802 11634
1596384000000 20200803 11088
1596470400000 20200804 11367
1596556800000 20200805 11197.97641107
1596643200000 20200806 11658
1596729600000 20200807 11833.47982645
1596816000000 20200808 11621
1596902400000 20200809 11740
1596988800000 20200810 11566
1597075200000 20200811 11923.10816445
1597161600000 20200812 11488
1597248000000 20200813 11572
1597334400000 20200814 11505
1597420800000 20200815 11754
1597507200000 20200816 11879.98540966
1597593600000 20200817 11877
1597680000000 20200818 12440
1597766400000 20200819 11955
1597852800000 20200820 11748
1597939200000 20200821 11881
1598025600000 20200822 11739.10739832
1598112000000 20200823 11592
1598198400000 20200824 11671
1598284800000 20200825 11777
1598371200000 20200826 11436
1598457600000 20200827 11489.46725015
1598544000000 20200828 11343
1598630400000 20200829 11559
1598716800000 20200830 11521
1598803200000 20200831 11629.91727956
1598889600000 20200901 11769
1598976000000 20200902 12059.92449886
1599062400000 20200903 11360
1599148800000 20200904 10679
1599235200000 20200905 10462
1599321600000 20200906 10306
1599408000000 20200907 10206
1599494400000 20200908 10184
1599580800000 20200909 10116.05498595
1599667200000 20200910 10276
1599753600000 20200911 10436.44026848
1599840000000 20200912 10334
1599926400000 20200913 10379
1600012800000 20200914 10289
1600099200000 20200915 10727.03867501
1600185600000 20200916 10800.00713134
1600272000000 20200917 11020
1600358400000 20200918 10863
1600444800000 20200919 10923
1600531200000 20200920 11111.536526
1600617600000 20200921 10858
1600704000000 20200922 10439
1600790400000 20200923 10473.30940471
1600876800000 20200924 10484.26181002
1600963200000 20200925 10572
1601049600000 20200926 10675.9700789
1601136000000 20200927 10741.11292287
1601222400000 20200928 10779
1601308800000 20200929 10924
1601395200000 20200930 10739
1601481600000 20201001 10798
1601568000000 20201002 10726.11584717
1601654400000 20201003 10528.43510642
1601740800000 20201004 10568
1601827200000 20201005 10616
1601913600000 20201006 10744
1602000000000 20201007 10753
1602086400000 20201008 10643
1602172800000 20201009 10922
1602259200000 20201010 11106
1602345600000 20201011 11365
1602432000000 20201012 11424
1602518400000 20201013 11567
1602604800000 20201014 11408
1602691200000 20201015 11331.452815
1602777600000 20201016 11417.9388129
1602864000000 20201017 11338
1602950400000 20201018 11353
1603036800000 20201019 11463
1603123200000 20201020 11807.63087007
1603209600000 20201021 11939
1603296000000 20201022 12750
1603382400000 20201023 12948
1603468800000 20201024 12935
1603555200000 20201025 13129
1603641600000 20201026 12967
1603728000000 20201027 12990
1603814400000 20201028 13597
1603900800000 20201029 13225
1603987200000 20201030 13433
1604073600000 20201031 13549
1604160000000 20201101 13853
1604246400000 20201102 13806
1604332800000 20201103 13487.8659909
1604419200000 20201104 13707.14685705
1604505600000 20201105 13913
1604592000000 20201106 15080.98289536
1604678400000 20201107 15399
1604764800000 20201108 15352
1604851200000 20201109 15359
1604937600000 20201110 15025.01758792
1605024000000 20201111 15169
1605110400000 20201112 15680
1605196800000 20201113 16132
1605283200000 20201114 16093
1605369600000 20201115 15933
1605456000000 20201116 16037
1605542400000 20201117 16458.11522628
1605628800000 20201118 17314.32611867
1605715200000 20201119 17878
1605801600000 20201120 18043.3765757
1605888000000 20201121 18667.74119816
1605974400000 20201122 18777
1606060800000 20201123 18280
1606147200000 20201124 18245
1606233600000 20201125 19349
1606320000000 20201126 19155
1606406400000 20201127 16943.68563404
1606492800000 20201128 16552
1606579200000 20201129 17543.662496
1606665600000 20201130 18124
1606752000000 20201201 19323
1606838400000 20201202 19289.09579496
1606924800000 20201203 18917
1607011200000 20201204 19562.33381439
1607097600000 20201205 18965
1607184000000 20201206 19110
1607270400000 20201207 19147
1607356800000 20201208 19237.56107768
1607443200000 20201209 18833.08073896
1607529600000 20201210 18352
1607616000000 20201211 18146
1607702400000 20201212 18121
1607788800000 20201213 18420
1607875200000 20201214 19230
1607961600000 20201215 19206.88071257
1608048000000 20201216 19428
1608134400000 20201217 20664.86426637
1608220800000 20201218 23294.48062662
1608307200000 20201219 22568
1608393600000 20201220 23575
1608480000000 20201221 23851
1608566400000 20201222 23069
1608652800000 20201223 23331.9340605
1608739200000 20201224 23448
1608825600000 20201225 23216.88544936
1608912000000 20201226 23995
1608998400000 20201227 25590
1609084800000 20201228 27311
1609171200000 20201229 26895.06545312
1609257600000 20201230 26582
1609344000000 20201231 28164.76387837
1609430400000 20210101 28735.15328112
1609516800000 20210102 29213
1609603200000 20210103 31713
1609689600000 20210104 33589
1609776000000 20210105 31718
1609862400000 20210106 32144
1609948800000 20210107 34637
1610035200000 20210108 38980
1610121600000 20210109 40819
1610208000000 20210110 40539
1610294400000 20210111 39671
1610380800000 20210112 31671
1610467200000 20210113 33899.35806144
1610553600000 20210114 34731
1610640000000 20210115 39524
1610726400000 20210116 35614
1610812800000 20210117 37549
1610899200000 20210118 35793
1610985600000 20210119 36494
1611072000000 20210120 37382
1611158400000 20210121 34188
1611244800000 20210122 31348
1611331200000 20210123 32502
